# timestamp, tree age, wind intensity, square refraction, particle gravity, particle size, bgFuzzFactor, fgFuzzFactor
#         trunkColor,            leafColor,       particle color,         URColor,         ULColor,         LColor,         MColor
# spring  0,    9.00,            1.10,              0.00,              0.01,         1.3,          1.00,         1.00
#(087, 089, 050, 255), (010, 150, 008, 240), (255, 255, 20, 170), (185, 185, 255), (185, 185, 255), (055, 255, 055), (175, 175, 255)
# sprstorm 0,    9.00,            14.10,            0.00,             16.01,         0.7,          1.00,         1.00
#(087, 089, 050, 255), (010, 150, 008, 240), (000, 000, 200, 170), (085, 085, 155), (085, 085, 155), (055, 255, 055), (155, 155, 235)
# summer   0,    9.00,            0.50,             0.00,              0.01,         1.3,          2.00,         1.00
#(087, 089, 050, 255), (030, 120, 008, 240), (255, 150, 020, 170), (235, 190, 035), (120, 105, 155), (088, 088, 155), (255, 255, 255)
# sumstorm 0,    9.00,            14.50,             0.00,              15.01,         1.7,          2.00,         1.00
#(255, 255, 255, 255), (255, 255, 255, 255), (155, 155, 155, 255), (255, 255, 255), (255, 255, 255), (000, 000, 000), (000, 000, 000)
# autumn   0,    9.00,            1.50,             0.00,              0.01,         1.3,          2.00,         1.00
#(067, 069, 040, 255), (120, 80, 008, 240), (255, 100, 020, 170), (235, 190, 035), (235, 105, 055), (088, 068, 105), (255, 255, 255)
# winter   0,    9.00,            1.10,              0.00,              1.11,         1.3,          1.00,         1.00
#(001, 001, 001, 255), (010, 255, 008, 0), (255, 255, 255, 255), (255, 255, 255), (255, 255, 255), (255, 255, 255), (255, 255, 255)
# winter   0,    9.00,            1.50,             0.00,              1.10,         1.4,          2.00,         0.80
#(001, 001, 001, 255), (120, 80, 008, 0), (255, 255, 255, 230), (255, 255, 255), (255, 255, 255), (255, 255, 255), (255, 255, 255)
# wintern  0,    9.00,            1.50,             0.00,              1.10,         1.4,          0.30,         0.80
#(160, 160, 160, 255), (120, 80, 008, 0), (240, 240, 255, 230), (000, 000, 000), (000, 000, 000), (000, 000, 000), (150, 150, 255)
# winters  0,    9.00,           10.50,             0.00,              4.10,         1.4,          0.30,         0.80
#(160, 160, 160, 255), (120, 80, 008, 0), (200, 200, 255, 230), (020, 020, 020), (020, 020, 020), (000, 000, 000), (150, 150, 150)
0,    9.00,           10.50,             0.00,              4.10,         1.4,          0.30,         0.80
(160, 160, 160, 255), (120, 80, 008, 0), (200, 200, 255, 230), (020, 020, 020), (020, 020, 020), (000, 000, 000), (150, 150, 150)
